 112.00    2.9829142         0.62364909E-02    0.47524090        0.35697367E-03     1.0849982         0.90032503E-03    0.56515557        0.17903844E-03   
 116.00    2.1446086         0.59414289E-02    0.33996767        0.30952580E-03     0.78629657        0.77044767E-03    0.41273722        0.15053644E-03   
 120.00    1.6240866         0.51767592E-02    0.25626784        0.25985035E-03     0.59921021        0.66772437E-03    0.31677441        0.13230965E-03   
 124.00    1.2712964         0.43453841E-02    0.20056898        0.22813649E-03     0.47242665        0.58886634E-03    0.25209884        0.11810192E-03   
 128.00    1.0212141         0.41235058E-02    0.16066465        0.19961164E-03     0.38185176        0.53609323E-03    0.20604005        0.10687798E-03   
 132.00    0.83614707        0.34453113E-02    0.13163725        0.17874242E-03     0.31575126        0.46967118E-03    0.17192971        0.97576463E-04   
 136.00    0.70000074        0.31670697E-02    0.10970476        0.16449402E-03     0.26442762        0.42684165E-03    0.14558223        0.89848890E-04   
 140.00    0.59495633        0.29927093E-02    0.92770410E-01    0.14677102E-03     0.22394877        0.39240567E-03    0.12521099        0.83303313E-04   
 144.00    0.51750926        0.27952148E-02    0.79136332E-01    0.13747399E-03     0.19262521        0.36220988E-03    0.10871526        0.77700023E-04   
 148.00    0.44608272        0.26723944E-02    0.68327246E-01    0.12582448E-03     0.16672187        0.34024496E-03    0.95273801E-01    0.72766879E-04   
 152.00    0.38318827        0.24127813E-02    0.59443240E-01    0.11639319E-03     0.14544604        0.31269100E-03    0.84076011E-01    0.68426582E-04   
 156.00    0.33839100        0.22352500E-02    0.52211016E-01    0.10823037E-03     0.12806425        0.29595709E-03    0.74915018E-01    0.64671972E-04   
 160.00    0.30109536        0.20524359E-02    0.45922449E-01    0.10290204E-03     0.11307309        0.27275351E-03    0.66897596E-01    0.61193786E-04   
 164.00    0.26015729        0.20793924E-02    0.40580965E-01    0.98119660E-04     0.10039072        0.25914639E-03    0.60245515E-01    0.58186163E-04   
 168.00    0.23876533        0.18618335E-02    0.36153333E-01    0.90184198E-04     0.89245346E-01    0.24355657E-03    0.54313905E-01    0.55351735E-04   
 172.00    0.21249699        0.17608269E-02    0.32539628E-01    0.85392301E-04     0.80501401E-01    0.23052623E-03    0.49357087E-01    0.52898520E-04   
 176.00    0.19027946        0.15803622E-02    0.29128641E-01    0.82616152E-04     0.72642199E-01    0.22064041E-03    0.44727748E-01    0.50493953E-04   
 180.00    0.17064865        0.15575683E-02    0.26283681E-01    0.77695399E-04     0.65032188E-01    0.21074090E-03    0.40874248E-01    0.48344489E-04   
 184.00    0.15239822        0.14652377E-02    0.23737221E-01    0.73565516E-04     0.58964123E-01    0.19938120E-03    0.37472853E-01    0.46511617E-04   
 188.00    0.14225291        0.15382796E-02    0.21519577E-01    0.70102562E-04     0.53534010E-01    0.19242965E-03    0.34236939E-01    0.44576123E-04   
 192.00    0.12851373        0.13965206E-02    0.19579968E-01    0.68253524E-04     0.48974114E-01    0.18130204E-03    0.31639830E-01    0.43009987E-04   
 196.00    0.11506711        0.13416667E-02    0.17888151E-01    0.64488048E-04     0.44602080E-01    0.17409710E-03    0.29154754E-01    0.41418674E-04   
 200.00    0.10765320        0.12446558E-02    0.16375640E-01    0.61554298E-04     0.41029300E-01    0.16977613E-03    0.26961342E-01    0.39979717E-04   
 204.00    0.96649136E-01    0.11773299E-02    0.15029671E-01    0.59631559E-04     0.37475624E-01    0.16189835E-03    0.25047474E-01    0.38742060E-04   
 208.00    0.89922540E-01    0.11197720E-02    0.13748367E-01    0.56694560E-04     0.34526811E-01    0.15374467E-03    0.23219838E-01    0.37318369E-04   
 212.00    0.84400483E-01    0.10785452E-02    0.12708914E-01    0.54643284E-04     0.31452456E-01    0.14795041E-03    0.21639686E-01    0.36302493E-04   
 216.00    0.77828364E-01    0.10532404E-02    0.11715603E-01    0.53016351E-04     0.29254158E-01    0.14392650E-03    0.20144614E-01    0.35169088E-04   
 220.00    0.69154234E-01    0.10328846E-02    0.10766983E-01    0.50119384E-04     0.27244815E-01    0.13722540E-03    0.18788529E-01    0.34148171E-04   
 224.00    0.66762584E-01    0.94282940E-03    0.99763333E-02    0.50001937E-04     0.24858687E-01    0.13274025E-03    0.17527187E-01    0.32941278E-04   
 228.00    0.59756812E-01    0.92724261E-03    0.92479271E-02    0.47917689E-04     0.23101965E-01    0.12679879E-03    0.16388799E-01    0.32082534E-04   
 232.00    0.56572032E-01    0.84886031E-03    0.85295148E-02    0.46512271E-04     0.21538785E-01    0.12206547E-03    0.15427569E-01    0.31704462E-04   
 236.00    0.53439706E-01    0.83778222E-03    0.80322417E-02    0.44056826E-04     0.20053070E-01    0.11765875E-03    0.14420976E-01    0.30415015E-04   
 240.00    0.48689481E-01    0.83957692E-03    0.74967644E-02    0.42729323E-04     0.18710205E-01    0.11443349E-03    0.13590600E-01    0.30147092E-04   
 244.00    0.45152917E-01    0.81501547E-03    0.69338690E-02    0.40727955E-04     0.17418680E-01    0.11049082E-03    0.12761569E-01    0.29021719E-04   
 248.00    0.43254557E-01    0.77576271E-03    0.64963981E-02    0.40885435E-04     0.16107944E-01    0.10728055E-03    0.11954886E-01    0.28503238E-04   
 252.00    0.39359085E-01    0.76841670E-03    0.60411847E-02    0.38905726E-04     0.15108970E-01    0.10366458E-03    0.11283923E-01    0.27529292E-04   
 256.00    0.37186539E-01    0.77510487E-03    0.56258063E-02    0.38316619E-04     0.14285490E-01    0.97532498E-04    0.10631573E-01    0.27063445E-04   
 260.00    0.35138576E-01    0.71274444E-03    0.53866086E-02    0.36267867E-04     0.13363320E-01    0.95697093E-04    0.10070750E-01    0.26325416E-04   
 264.00    0.33322298E-01    0.69308980E-03    0.49564462E-02    0.35128315E-04     0.12474790E-01    0.94177838E-04    0.95016951E-02    0.26458075E-04   
 268.00    0.31016468E-01    0.66980127E-03    0.47457971E-02    0.34461895E-04     0.11816908E-01    0.91317366E-04    0.90374343E-02    0.25902654E-04   
 272.00    0.28504189E-01    0.63623956E-03    0.43916094E-02    0.33616695E-04     0.11151551E-01    0.89819551E-04    0.84895659E-02    0.24904566E-04   
 276.00    0.28216348E-01    0.62615209E-03    0.42108170E-02    0.33515048E-04     0.10353385E-01    0.87699088E-04    0.80852576E-02    0.24448511E-04   
 280.00    0.25512423E-01    0.58563053E-03    0.39039997E-02    0.32466241E-04     0.96227014E-02    0.83579287E-04    0.76240507E-02    0.23878726E-04   
 284.00    0.24631611E-01    0.58761227E-03    0.36902747E-02    0.31365799E-04     0.90295962E-02    0.81609304E-04    0.72131512E-02    0.23379527E-04   
 288.00    0.23128873E-01    0.55898515E-03    0.34711350E-02    0.30740732E-04     0.84679620E-02    0.80255298E-04    0.68868161E-02    0.22922324E-04   
 292.00    0.22652564E-01    0.56774628E-03    0.33031241E-02    0.30198548E-04     0.81952695E-02    0.77523523E-04    0.65361926E-02    0.22424360E-04   
 296.00    0.20786364E-01    0.56936754E-03    0.31078360E-02    0.29080225E-04     0.77906633E-02    0.73100392E-04    0.62239314E-02    0.22159843E-04   
 300.00    0.19282172E-01    0.49915532E-03    0.29750157E-02    0.28519367E-04     0.74521187E-02    0.71903709E-04    0.59537171E-02    0.21808578E-04   
 304.00    0.18906902E-01    0.52948111E-03    0.27517488E-02    0.27754419E-04     0.68943778E-02    0.70229159E-04    0.56135763E-02    0.21716664E-04   
 308.00    0.17699793E-01    0.48590664E-03    0.26353550E-02    0.26816000E-04     0.66081815E-02    0.68602576E-04    0.53559704E-02    0.22178141E-04   



