110.50   0.84459942       0.46109542E-03      0.13481199       0.15459634E-03    0.30715737       0.38738385E-03         0.16575321         0.93172354E-04      
111.50   0.76891066       0.50199161E-03      0.12268888       0.15791723E-03    0.28000737       0.40249919E-03         0.15128153         0.87352207E-04      
112.50   0.70255239       0.50223349E-03      0.11194027       0.15394209E-03    0.25666309       0.39046780E-03         0.13898682         0.83743912E-04      
113.50   0.64508388       0.48782486E-03      0.10286763       0.14852921E-03    0.23573396       0.38587704E-03         0.12816699         0.80382184E-04      
114.50   0.59500593       0.47500328E-03      0.94481390E-01   0.14461777E-03    0.21802518       0.37174931E-03         0.11847881         0.77255277E-04      
115.50   0.55040013       0.46362682E-03      0.87234106E-01   0.13903231E-03    0.20189888       0.35743348E-03         0.11000884         0.74462321E-04      
116.50   0.51039010       0.45921527E-03      0.80923666E-01   0.13354432E-03    0.18794590       0.35257020E-03         0.10246739         0.71854637E-04      
117.50   0.47546829       0.43831585E-03      0.75370525E-01   0.12990925E-03    0.17424165       0.33106072E-03         0.95733868E-01     0.69426040E-04      
118.50   0.44377792       0.42938700E-03      0.70036139E-01   0.12483326E-03    0.16456996       0.32515354E-03         0.89697698E-01     0.67164040E-04      
119.50   0.41470479       0.41479172E-03      0.65813163E-01   0.12113821E-03    0.15281989       0.31730038E-03         0.84274909E-01     0.65050571E-04      
120.50   0.38915302       0.39234019E-03      0.61636333E-01   0.11754022E-03    0.14390197       0.30611040E-03         0.79270457E-01     0.63069403E-04      
121.50   0.36535812       0.37966805E-03      0.57515471E-01   0.11370740E-03    0.13510668       0.29475732E-03         0.74790552E-01     0.61242741E-04      
122.50   0.34397129       0.37599398E-03      0.54186497E-01   0.10887504E-03    0.12726974       0.28687184E-03         0.70636255E-01     0.59577854E-04      
123.50   0.32436039       0.37531669E-03      0.51282041E-01   0.10664864E-03    0.12012495       0.28285844E-03         0.66970863E-01     0.57918480E-04      
124.50   0.30603683       0.36507798E-03      0.47907263E-01   0.10439434E-03    0.11384141       0.27369828E-03         0.63363551E-01     0.56357213E-04      
125.50   0.28946221       0.35541583E-03      0.45540410E-01   0.10135745E-03    0.10798837       0.26735816E-03         0.60130351E-01     0.54901866E-04      
126.50   0.27458325       0.34538759E-03      0.43137270E-01   0.97183682E-04    0.10220588       0.25831366E-03         0.57312043E-01     0.53563130E-04      
127.50   0.25990313       0.33939174E-03      0.41017402E-01   0.95916749E-04    0.97137581E-01   0.25240090E-03         0.54554153E-01     0.52264581E-04      
128.50   0.24779242       0.33261772E-03      0.39046952E-01   0.93750441E-04    0.92436270E-01   0.24654541E-03         0.52078810E-01     0.51133208E-04      
129.50   0.23550961       0.32512621E-03      0.36886965E-01   0.90896309E-04    0.88166205E-01   0.24169399E-03         0.49745947E-01     0.49920745E-04      
130.50   0.22390848       0.31877604E-03      0.35129077E-01   0.89022825E-04    0.83874567E-01   0.23294477E-03         0.47596747E-01     0.48821175E-04      
131.50   0.21343122       0.30830622E-03      0.33479428E-01   0.86091439E-04    0.80119971E-01   0.23110155E-03         0.45372856E-01     0.47673358E-04      
132.50   0.20368720       0.30411489E-03      0.31894139E-01   0.85860571E-04    0.76294313E-01   0.22643045E-03         0.43491989E-01     0.46632692E-04      
133.50   0.19480887       0.29655432E-03      0.30505319E-01   0.82095554E-04    0.73129051E-01   0.21879769E-03         0.41789149E-01     0.45772242E-04      
134.50   0.18662575       0.28943743E-03      0.29054680E-01   0.81162376E-04    0.69684137E-01   0.21690989E-03         0.40078383E-01     0.44868085E-04      
135.50   0.17788563       0.27320612E-03      0.27920295E-01   0.79113335E-04    0.66877883E-01   0.20862381E-03         0.38517584E-01     0.43911749E-04      
136.50   0.17055971       0.27282054E-03      0.26641698E-01   0.77166743E-04    0.64405596E-01   0.20619334E-03         0.37037964E-01     0.43162305E-04      
137.50   0.16373073       0.27161550E-03      0.25568441E-01   0.76333760E-04    0.61770308E-01   0.20223336E-03         0.35644025E-01     0.42295716E-04      
138.50   0.15710474       0.26475784E-03      0.24474183E-01   0.75099034E-04    0.59122964E-01   0.19780185E-03         0.34312591E-01     0.41549581E-04      
139.50   0.15064344       0.25963566E-03      0.23500777E-01   0.73173465E-04    0.56805735E-01   0.19597726E-03         0.33110291E-01     0.40833548E-04      
140.50   0.14490914       0.25512915E-03      0.22624538E-01   0.72630376E-04    0.54596622E-01   0.19213697E-03         0.31870568E-01     0.40099711E-04      
141.50   0.13937887       0.25368908E-03      0.21652011E-01   0.71540975E-04    0.52670498E-01   0.18989663E-03         0.30763241E-01     0.39475119E-04      
142.50   0.13364644       0.24826014E-03      0.20808790E-01   0.70072314E-04    0.50709270E-01   0.18495316E-03         0.29707916E-01     0.38783334E-04      
143.50   0.12910807       0.24394005E-03      0.20118444E-01   0.68556442E-04    0.48626707E-01   0.18068260E-03         0.28608111E-01     0.38228725E-04      
144.50   0.12468477       0.23830607E-03      0.19346230E-01   0.67441522E-04    0.46839681E-01   0.17789064E-03         0.27785674E-01     0.37744099E-04      
145.50   0.12001804       0.23402450E-03      0.18610383E-01   0.66842510E-04    0.45401205E-01   0.17363649E-03         0.26800437E-01     0.37035205E-04      
146.50   0.11557081       0.22937187E-03      0.17989386E-01   0.65442694E-04    0.43714264E-01   0.17330051E-03         0.26033735E-01     0.36670168E-04      
147.50   0.11116981       0.22611910E-03      0.17301219E-01   0.63782751E-04    0.41958430E-01   0.16970903E-03         0.25165020E-01     0.36069375E-04      
148.50   0.10755552       0.22288023E-03      0.16762075E-01   0.62520978E-04    0.40699837E-01   0.16783502E-03         0.24399341E-01     0.35669173E-04      
149.50   0.10392789       0.21872773E-03      0.16204397E-01   0.61002029E-04    0.39451456E-01   0.16491558E-03         0.23660060E-01     0.35151512E-04      
150.50   0.10047009       0.21722011E-03      0.15614151E-01   0.60207585E-04    0.37908898E-01   0.15980871E-03         0.22980635E-01     0.34865117E-04      
151.50   0.96869634E-01   0.21074623E-03      0.15089957E-01   0.60100281E-04    0.36763977E-01   0.15785799E-03         0.22251153E-01     0.34414787E-04      
152.50   0.93957031E-01   0.20981955E-03      0.14619154E-01   0.58957268E-04    0.35332747E-01   0.15635769E-03         0.21599327E-01     0.33924916E-04      
153.50   0.90605557E-01   0.20617777E-03      0.14049859E-01   0.56902704E-04    0.34495822E-01   0.15594469E-03         0.20966542E-01     0.33557984E-04      
154.50   0.87990996E-01   0.20260505E-03      0.13674422E-01   0.58030512E-04    0.33263128E-01   0.15037378E-03         0.20345673E-01     0.32872769E-04      
155.50   0.84898893E-01   0.19686165E-03      0.13237864E-01   0.55741995E-04    0.32359199E-01   0.15047696E-03         0.19774337E-01     0.33012383E-04      
156.50   0.82533942E-01   0.19196810E-03      0.12778480E-01   0.54444456E-04    0.31209308E-01   0.14734927E-03         0.19237433E-01     0.32501430E-04      
157.50   0.79667797E-01   0.18829922E-03      0.12365075E-01   0.54123907E-04    0.30177128E-01   0.14129043E-03         0.18611586E-01     0.31714226E-04      
158.50   0.77763133E-01   0.18284422E-03      0.12005804E-01   0.53005206E-04    0.29401804E-01   0.13933976E-03         0.18185679E-01     0.31702100E-04      
159.50   0.75062748E-01   0.17944323E-03      0.11653421E-01   0.52261261E-04    0.28587556E-01   0.13655214E-03         0.17651629E-01     0.31913160E-04      


