 111.00    1.6234684         0.45007255E-02   0.25893357        0.25750432E-03    0.59020520        0.64457443E-03    0.30683492        0.13453337E-03
 113.00    1.3597257         0.45964627E-02   0.21652304        0.24669022E-03    0.49514131        0.62780234E-03    0.25851454        0.12116775E-03
 115.00    1.1540087         0.44201847E-02   0.18305211        0.22857038E-03    0.42160293        0.57767188E-03    0.22111248        0.11201017E-03
 117.00    0.99077908        0.42259755E-02   0.15696514        0.21239560E-03    0.36466046        0.53265340E-03    0.19153472        0.10423324E-03
 119.00    0.86376413        0.39384291E-02   0.13633494        0.19447877E-03    0.31866782        0.49789043E-03    0.16797812        0.97631755E-04
 121.00    0.75934036        0.36236944E-02   0.12001257        0.18031856E-03    0.28060469        0.47120996E-03    0.14876289        0.91769714E-04
 123.00    0.67191776        0.33404062E-02   0.10600049        0.16917643E-03    0.24953185        0.44161377E-03    0.13282987        0.86630321E-04
 125.00    0.59801630        0.31544799E-02   0.94628714E-01    0.16159743E-03    0.22303542        0.41303198E-03    0.11926962        0.82028018E-04
 127.00    0.53655378        0.29726898E-02   0.84525935E-01    0.14993949E-03    0.20006451        0.39887139E-03    0.10784788        0.77970190E-04
 129.00    0.48507197        0.29870557E-02   0.76148384E-01    0.14207110E-03    0.18182284        0.37656869E-03    0.98170032E-01    0.74387779E-04
 131.00    0.44116243        0.27201816E-02   0.69019978E-01    0.13522164E-03    0.16484160        0.35449875E-03    0.89716222E-01    0.70981868E-04
 133.00    0.39703877        0.26442472E-02   0.62673805E-01    0.12886493E-03    0.15113697        0.33511306E-03    0.82207332E-01    0.67926745E-04
 135.00    0.36066080        0.24727733E-02   0.57249510E-01    0.12500086E-03    0.13762862        0.32155221E-03    0.75606778E-01    0.65188025E-04
 137.00    0.33905081        0.23447330E-02   0.52533951E-01    0.11712426E-03    0.12679514        0.30734659E-03    0.69968594E-01    0.62596310E-04
 139.00    0.31051017        0.23221594E-02   0.48519088E-01    0.11173972E-03    0.11644498        0.29664313E-03    0.64889476E-01    0.60289173E-04
 141.00    0.28612442        0.22606897E-02   0.44248960E-01    0.10704101E-03    0.10759674        0.28300821E-03    0.60325148E-01    0.58084954E-04
 143.00    0.26873067        0.21636309E-02   0.41160016E-01    0.10418836E-03    0.10018157        0.27353893E-03    0.56178418E-01    0.56096833E-04
 145.00    0.24994152        0.20433818E-02   0.38080351E-01    0.10022200E-03    0.92589062E-01    0.26425828E-03    0.52535322E-01    0.54257713E-04
 147.00    0.23157132        0.19798416E-02   0.35317736E-01    0.95299060E-04    0.86426499E-01    0.25823278E-03    0.49235372E-01    0.52513000E-04
 149.00    0.21482362        0.19959455E-02   0.33015397E-01    0.92821147E-04    0.80391110E-01    0.24434573E-03    0.46033299E-01    0.50781245E-04
 151.00    0.19754147        0.18385067E-02   0.30702999E-01    0.88731413E-04    0.75175412E-01    0.23551832E-03    0.43300643E-01    0.49302727E-04
 153.00    0.18607254        0.17470509E-02   0.28771603E-01    0.85976870E-04    0.70471377E-01    0.23018287E-03    0.40784649E-01    0.47792656E-04
 155.00    0.17568524        0.17052271E-02   0.26972336E-01    0.82799054E-04    0.66144901E-01    0.22374680E-03    0.38527631E-01    0.46474949E-04
 157.00    0.16390197        0.16798766E-02   0.25312838E-01    0.80904703E-04    0.62089631E-01    0.21504140E-03    0.36385382E-01    0.45259511E-04
 159.00    0.15579004        0.15924824E-02   0.23597652E-01    0.79109341E-04    0.58349102E-01    0.20834155E-03    0.34359905E-01    0.43913200E-04
 161.00    0.14580134        0.15444841E-02   0.22367762E-01    0.76206229E-04    0.54773007E-01    0.19806596E-03    0.32532279E-01    0.42831758E-04
 163.00    0.13436258        0.15858380E-02   0.20933280E-01    0.75544398E-04    0.51470960E-01    0.19736357E-03    0.30887573E-01    0.41783789E-04
 165.00    0.12778815        0.15282347E-02   0.19652163E-01    0.71734125E-04    0.49044388E-01    0.18876657E-03    0.29364494E-01    0.40694208E-04
 167.00    0.12343150        0.14709325E-02   0.18609062E-01    0.69253490E-04    0.45780584E-01    0.18284857E-03    0.27797564E-01    0.39620705E-04
 169.00    0.11552717        0.14050671E-02   0.17618030E-01    0.67450464E-04    0.43640639E-01    0.18057553E-03    0.26511480E-01    0.38816073E-04
 171.00    0.10965151        0.13678142E-02   0.16770846E-01    0.65756832E-04    0.41384983E-01    0.17446408E-03    0.25252340E-01    0.37879913E-04
 173.00    0.10296172        0.13110291E-02   0.15812537E-01    0.64330605E-04    0.39194472E-01    0.17012103E-03    0.24103329E-01    0.37059272E-04
 175.00    0.96983512E-01    0.12462636E-02   0.14996065E-01    0.63363631E-04    0.37515171E-01    0.16547116E-03    0.22872375E-01    0.36181462E-04
 177.00    0.93381751E-01    0.11826087E-02   0.14192231E-01    0.61783395E-04    0.35267333E-01    0.16444099E-03    0.21859367E-01    0.35379487E-04
 179.00    0.87989173E-01    0.11552779E-02   0.13451076E-01    0.59938242E-04    0.33445061E-01    0.16022658E-03    0.20883695E-01    0.34528280E-04
 181.00    0.84127079E-01    0.12445911E-02   0.12873574E-01    0.58142195E-04    0.31678109E-01    0.15354046E-03    0.19997179E-01    0.33940370E-04
 183.00    0.78255916E-01    0.11340427E-02   0.12228861E-01    0.56463405E-04    0.30263307E-01    0.14892081E-03    0.19151055E-01    0.33246623E-04
 185.00    0.74973264E-01    0.11235829E-02   0.11539709E-01    0.55784037E-04    0.28827999E-01    0.14625874E-03    0.18314641E-01    0.32630262E-04
 187.00    0.71842652E-01    0.11354165E-02   0.11085051E-01    0.54158563E-04    0.27430430E-01    0.14328300E-03    0.17488453E-01    0.31887492E-04
 189.00    0.72115626E-01    0.11401255E-02   0.10513960E-01    0.53337203E-04    0.26245999E-01    0.14069418E-03    0.16752016E-01    0.31212146E-04
 191.00    0.66498664E-01    0.10993914E-02   0.99983588E-02    0.52612410E-04    0.25088156E-01    0.13650122E-03    0.16105914E-01    0.30683256E-04
 193.00    0.62323548E-01    0.10795622E-02   0.96150697E-02    0.50959203E-04    0.24014503E-01    0.13481560E-03    0.15534441E-01    0.30201940E-04
 195.00    0.59769607E-01    0.10302866E-02   0.91887884E-02    0.50147448E-04    0.22860406E-01    0.13140018E-03    0.14852117E-01    0.29620918E-04
 197.00    0.55702195E-01    0.97724356E-03   0.87389332E-02    0.48646947E-04    0.21887538E-01    0.12815547E-03    0.14300300E-01    0.29037294E-04
 199.00    0.54552189E-01    0.95638298E-03   0.84316340E-02    0.47815547E-04    0.21062985E-01    0.12731799E-03    0.13728515E-01    0.28604172E-04
 201.00    0.53397815E-01    0.94185540E-03   0.80112083E-02    0.46893945E-04    0.20162344E-01    0.12453096E-03    0.13229348E-01    0.27972770E-04
 203.00    0.50245682E-01    0.92491515E-03   0.76939757E-02    0.46093516E-04    0.19152298E-01    0.12257641E-03    0.12755017E-01    0.27705761E-04
 205.00    0.46989788E-01    0.89660357E-03   0.74076339E-02    0.44811820E-04    0.18434027E-01    0.11810722E-03    0.12296351E-01    0.27126553E-04
 207.00    0.46995896E-01    0.89195846E-03   0.69670672E-02    0.44080902E-04    0.17707119E-01    0.11588753E-03    0.11796858E-01    0.26645135E-04
 209.00    0.43351063E-01    0.84198446E-03   0.68128506E-02    0.42466367E-04    0.17022765E-01    0.11351968E-03    0.11426604E-01    0.26169742E-04
 211.00    0.43770660E-01    0.81471626E-03   0.65106494E-02    0.42349854E-04    0.16020558E-01    0.11219762E-03    0.11021510E-01    0.25910078E-04
 213.00    0.41130011E-01    0.83139590E-03   0.62651023E-02    0.41577723E-04    0.15619797E-01    0.10835633E-03    0.10613872E-01    0.25442834E-04
 215.00    0.39581652E-01    0.79903461E-03   0.59901381E-02    0.40689660E-04    0.15000335E-01    0.10799714E-03    0.10258041E-01    0.25090637E-04
 217.00    0.39010021E-01    0.79195946E-03   0.57770186E-02    0.39581442E-04    0.14316610E-01    0.10476016E-03    0.98901736E-02    0.24624192E-04
 219.00    0.36265717E-01    0.79887783E-03   0.55374589E-02    0.38780066E-04    0.14032642E-01    0.10401092E-03    0.95615592E-02    0.24280386E-04
 221.00    0.33530838E-01    0.78716229E-03   0.52849648E-02    0.37980343E-04    0.13430604E-01    0.10154942E-03    0.92261552E-02    0.24039940E-04
 223.00    0.35259425E-01    0.73983364E-03   0.50929972E-02    0.38196696E-04    0.12715315E-01    0.10049940E-03    0.89029190E-02    0.23486088E-04
 225.00    0.32073599E-01    0.71331099E-03   0.49419287E-02    0.37784915E-04    0.12262102E-01    0.96593438E-04    0.86201155E-02    0.23122081E-04
 227.00    0.30732395E-01    0.68887233E-03   0.47350169E-02    0.37367105E-04    0.11868589E-01    0.95353972E-04    0.83369360E-02    0.22971224E-04
 229.00    0.29662605E-01    0.70467543E-03   0.45549982E-02    0.36085093E-04    0.11407529E-01    0.93684339E-04    0.80541464E-02    0.22368378E-04
 231.00    0.29791163E-01    0.66609782E-03   0.43860748E-02    0.35435893E-04    0.10968178E-01    0.91773971E-04    0.78254166E-02    0.22422705E-04
 233.00    0.27363790E-01    0.62987017E-03   0.42238841E-02    0.35146394E-04    0.10693270E-01    0.89889624E-04    0.75986913E-02    0.22340785E-04
 235.00    0.27329749E-01    0.64839862E-03   0.40799230E-02    0.33938762E-04    0.10281117E-01    0.88547217E-04    0.73117345E-02    0.21651809E-04
 237.00    0.26134244E-01    0.63659461E-03   0.39765925E-02    0.33654091E-04    0.98336748E-02    0.86667215E-04    0.71115473E-02    0.21357850E-04
 239.00    0.24226827E-01    0.61744990E-03   0.38269091E-02    0.33697817E-04    0.95948019E-02    0.84806612E-04    0.69052645E-02    0.21363900E-04
 241.00    0.24777327E-01    0.63337581E-03   0.37184760E-02    0.33133877E-04    0.93037882E-02    0.85025775E-04    0.66718362E-02    0.21090962E-04
 243.00    0.22962740E-01    0.62423017E-03   0.35727691E-02    0.32139362E-04    0.89300550E-02    0.83019918E-04    0.64801777E-02    0.20558548E-04
 245.00    0.22402068E-01    0.61854286E-03   0.34007349E-02    0.31162709E-04    0.86359177E-02    0.81559361E-04    0.62872831E-02    0.20474603E-04
 247.00    0.22424060E-01    0.61109260E-03   0.33202290E-02    0.31111633E-04    0.82050595E-02    0.80024294E-04    0.60577090E-02    0.20315697E-04
 249.00    0.21642340E-01    0.58035931E-03   0.32478584E-02    0.31541086E-04    0.79838687E-02    0.80228684E-04    0.58902280E-02    0.19771283E-04
 251.00    0.20409421E-01    0.57483425E-03   0.30887013E-02    0.30536229E-04    0.76982928E-02    0.77133020E-04    0.57210690E-02    0.19541362E-04
 253.00    0.19074929E-01    0.60240740E-03   0.29881572E-02    0.29860011E-04    0.75500475E-02    0.76544255E-04    0.55611042E-02    0.19356904E-04
 255.00    0.19256323E-01    0.56529360E-03   0.29135507E-02    0.29297404E-04    0.73534008E-02    0.74251402E-04    0.53755205E-02    0.19165244E-04
 257.00    0.18629655E-01    0.59075055E-03   0.27625565E-02    0.29413481E-04    0.70372167E-02    0.73016514E-04    0.52537806E-02    0.18952776E-04
 259.00    0.18517154E-01    0.55164873E-03   0.27651029E-02    0.27762137E-04    0.68528811E-02    0.72932033E-04    0.51023596E-02    0.18472999E-04
 261.00    0.17273077E-01    0.56520829E-03   0.26482445E-02    0.28117030E-04    0.66547103E-02    0.70793066E-04    0.49647675E-02    0.18587197E-04
 263.00    0.16720612E-01    0.51498028E-03   0.25321381E-02    0.26622429E-04    0.64319888E-02    0.70166696E-04    0.47832211E-02    0.18467630E-04
 265.00    0.16921391E-01    0.54190246E-03   0.24971110E-02    0.26917349E-04    0.61649852E-02    0.71298691E-04    0.47088276E-02    0.18708330E-04
 267.00    0.15690325E-01    0.54455069E-03   0.24352357E-02    0.26303412E-04    0.60193360E-02    0.67746683E-04    0.45707377E-02    0.18064033E-04
 269.00    0.16070134E-01    0.49449800E-03   0.23537812E-02    0.27136462E-04    0.59180301E-02    0.67762091E-04    0.44568984E-02    0.18140158E-04
 271.00    0.14500146E-01    0.50861573E-03   0.22344073E-02    0.25980907E-04    0.57237654E-02    0.67236384E-04    0.42970089E-02    0.17449586E-04
 273.00    0.14444567E-01    0.48582597E-03   0.22241489E-02    0.25621796E-04    0.55785513E-02    0.66690648E-04    0.41841160E-02    0.17539215E-04
 275.00    0.14789176E-01    0.46042594E-03   0.21554941E-02    0.25429370E-04    0.53877679E-02    0.67296953E-04    0.40928114E-02    0.17462602E-04
 277.00    0.13611868E-01    0.48987320E-03   0.21369672E-02    0.26057614E-04    0.51196617E-02    0.64587969E-04    0.39898539E-02    0.16932010E-04
 279.00    0.12959145E-01    0.44710986E-03   0.20190902E-02    0.25893581E-04    0.49625573E-02    0.62137221E-04    0.38613967E-02    0.16862461E-04
 281.00    0.13175151E-01    0.46620258E-03   0.19456400E-02    0.24604825E-04    0.47716655E-02    0.61950235E-04    0.37562118E-02    0.16646922E-04
 283.00    0.12642484E-01    0.43484827E-03   0.18806234E-02    0.23938857E-04    0.46072528E-02    0.60794960E-04    0.36416429E-02    0.16353206E-04
 285.00    0.12017069E-01    0.43406739E-03   0.18643811E-02    0.23563321E-04    0.45640120E-02    0.60474097E-04    0.35615557E-02    0.16302429E-04
 287.00    0.12493486E-01    0.45992344E-03   0.17897429E-02    0.24047797E-04    0.43770903E-02    0.59532679E-04    0.34683756E-02    0.15905307E-04
 289.00    0.11128712E-01    0.41598755E-03   0.17335994E-02    0.23372094E-04    0.42036894E-02    0.60143798E-04    0.34051787E-02    0.15979455E-04
 291.00    0.12136847E-01    0.43608357E-03   0.17052013E-02    0.23734540E-04    0.41867882E-02    0.57676261E-04    0.33017448E-02    0.15641832E-04
 293.00    0.11117028E-01    0.44549123E-03   0.16639643E-02    0.23271016E-04    0.41274876E-02    0.57580552E-04    0.32186435E-02    0.15645791E-04
 295.00    0.10264643E-01    0.43143229E-03   0.15824752E-02    0.22353467E-04    0.40360015E-02    0.55303356E-04    0.31434666E-02    0.15632295E-04
 297.00    0.10603338E-01    0.41880353E-03   0.15749033E-02    0.21908621E-04    0.38256078E-02    0.54505029E-04    0.30766602E-02    0.15326006E-04
 299.00    0.94611992E-02    0.37196517E-03   0.15136540E-02    0.21743540E-04    0.38616855E-02    0.55115199E-04    0.29905599E-02    0.14850090E-04
 301.00    0.10086607E-01    0.38222574E-03   0.15239776E-02    0.21742358E-04    0.37570647E-02    0.54290638E-04    0.29500206E-02    0.15621041E-04
 303.00    0.10054901E-01    0.39005388E-03   0.14162972E-02    0.21600875E-04    0.34482028E-02    0.53088391E-04    0.28273632E-02    0.14776751E-04
 305.00    0.92691490E-02    0.40138589E-03   0.14024469E-02    0.20813822E-04    0.35117187E-02    0.52209069E-04    0.27700652E-02    0.15390956E-04
 307.00    0.91409113E-02    0.37512120E-03   0.13726439E-02    0.21082202E-04    0.34738463E-02    0.51650579E-04    0.27099929E-02    0.15499681E-04
 309.00    0.87957536E-02    0.33931471E-03   0.13282800E-02    0.20394050E-04    0.32692014E-02    0.50307267E-04    0.26332918E-02    0.14986359E-04


