110.50    0.85803946  0.13481199   0.32274632   0.16640731    0.84459942      0.13481199       0.30715737        0.16575321        0.89869855      0.51781545E-03       0.14408547        0.32596912           0.16575321
111.50    0.78078821  0.12268888   0.29442852   0.15185022    0.76891066      0.12268888       0.28000737        0.15128153        0.81661200      0.51608711E-03       0.13095272        0.29710833           0.15128153
112.50    0.71316693  0.11194027   0.26912813   0.13950248    0.70255239      0.11194027       0.25666309        0.13898682        0.74623253      0.49737731E-03       0.11941472        0.27171736           0.13898682
113.50    0.65545734  0.10286763   0.24724632   0.12861883    0.64508388      0.10286763       0.23573396        0.12816699        0.68478217      0.47997257E-03       0.10948962        0.24852334           0.12816699
114.50    0.60322204  0.94481E-01  0.22767585   0.11889018    0.59500593      0.94481390E-01   0.21802518        0.11847881        0.63002985      0.45869135E-03       0.10036191        0.23043209           0.11847881
115.50    0.55784961  0.87234E-01  0.21028852   0.11037226    0.55040013      0.87234106E-01   0.20189888        0.11000884        0.58188987      0.45069540E-03       0.92777612E-01    0.21282388           0.11000884
116.50    0.51679810  0.80923E-01  0.19568277   0.10280190    0.51039010      0.80923666E-01   0.18794590        0.10246739        0.54057710      0.42877207E-03       0.85765123E-01    0.19793899           0.10246739
117.50    0.48147351  0.75370E-01  0.18148890   0.96030E-01   0.47546829      0.75370525E-01   0.17424165        0.95733868E-01    0.50242966      0.40925174E-03       0.79735014E-01    0.18400579           0.95733868E-01
118.50    0.44939305  0.70036E-01  0.16971533   0.89977E-01   0.44377792      0.70036139E-01   0.16456996        0.89697698E-01    0.46825052      0.39196607E-03       0.74235889E-01    0.17235410           0.89697698E-01
119.50    0.41933662  0.65813E-01  0.15848929   0.84511E-01   0.41470479      0.65813163E-01   0.15281989        0.84274909E-01    0.43773168      0.37577285E-03       0.69491536E-01    0.16100743           0.84274909E-01
120.50    0.39362985  0.61636E-01  0.14848244   0.79497E-01   0.38915302      0.61636333E-01   0.14390197        0.79270457E-01    0.40957620      0.35997639E-03       0.64946806E-01    0.15106332           0.79270457E-01
121.50    0.36973966  0.57515E-01  0.13960513   0.74999E-01   0.36535812      0.57515471E-01   0.13510668        0.74790552E-01    0.38425239      0.34070635E-03       0.60736976E-01    0.14166624           0.74790552E-01
122.50    0.34725767  0.54186E-01  0.13240142   0.70819E-01   0.34397129      0.54186497E-01   0.12726974        0.70636255E-01    0.36150372      0.33601119E-03       0.57211551E-01    0.13352938           0.70636255E-01
123.50    0.32800910  0.51282E-01  0.12406807   0.67148E-01   0.32436039      0.51282041E-01   0.12012495        0.66970863E-01    0.34132741      0.33365032E-03       0.53879952E-01    0.12623230           0.66970863E-01
124.50    0.30930126  0.47907E-01  0.11720986   0.63499E-01   0.30603683      0.47907263E-01   0.11384141        0.63363551E-01    0.32167563      0.32166822E-03       0.50856355E-01    0.11933374           0.63363551E-01
125.50    0.29262737  0.45540E-01  0.11107954   0.60285E-01   0.28946221      0.45540410E-01   0.10798837        0.60130351E-01    0.30402948      0.31113531E-03       0.48104469E-01    0.11294804           0.60130351E-01
126.50    0.27763872  0.43137E-01  0.10435572   0.57444E-01   0.27458325      0.43137270E-01   0.10220588        0.57312043E-01    0.28826326      0.30932830E-03       0.45333616E-01    0.10695643           0.57312043E-01
127.50    0.26223417  0.41017E-01  0.10014370   0.54678E-01   0.25990313      0.41017402E-01   0.97137581E-01    0.54554153E-01    0.27366425      0.29385798E-03       0.43096812E-01    0.10152709           0.54554153E-01
128.50    0.24991094  0.39046E-01  0.94839E-01  0.52195E-01   0.24779242      0.39046952E-01   0.92436270E-01    0.52078810E-01    0.25898195      0.28953001E-03       0.40841672E-01    0.96880608E-01       0.52078810E-01
129.50    0.23705921  0.36886E-01  0.89768E-01  0.49845E-01   0.23550961      0.36886965E-01   0.88166205E-01    0.49745947E-01    0.24690435      0.27840643E-03       0.38792216E-01    0.92080885E-01       0.49745947E-01
130.50    0.22627289  0.35129E-01  0.86026E-01  0.47694E-01   0.22390848      0.35129077E-01   0.83874567E-01    0.47596747E-01    0.23432225      0.27051443E-03       0.36756876E-01    0.87676849E-01       0.47596747E-01
131.50    0.21547420  0.33479E-01  0.81768E-01  0.45463E-01   0.21343122      0.33479428E-01   0.80119971E-01    0.45372856E-01    0.22358348      0.26718911E-03       0.35037898E-01    0.83422984E-01       0.45372856E-01
132.50    0.20568167  0.31894E-01  0.77762E-01  0.43577E-01   0.20368720      0.31894139E-01   0.76294313E-01    0.43491989E-01    0.21304947      0.26167545E-03       0.33443157E-01    0.79999570E-01       0.43491989E-01
133.50    0.19615456  0.30505E-01  0.74522E-01  0.41858E-01   0.19480887      0.30505319E-01   0.73129051E-01    0.41789149E-01    0.20383356      0.25684424E-03       0.31934052E-01    0.76003824E-01       0.41789149E-01
134.50    0.18772362  0.29054E-01  0.71490E-01  0.40158E-01   0.18662575      0.29054680E-01   0.69684137E-01    0.40078383E-01    0.19503052      0.24608654E-03       0.30655534E-01    0.72891672E-01       0.40078383E-01
135.50    0.17940068  0.27920E-01  0.68429E-01  0.38584E-01   0.17788563      0.27920295E-01   0.66877883E-01    0.38517584E-01    0.18643138      0.23866474E-03       0.29169953E-01    0.69540895E-01       0.38517584E-01
136.50    0.17223919  0.26641E-01  0.65433E-01  0.37100E-01   0.17055971      0.26641698E-01   0.64405596E-01    0.37037964E-01    0.17818042      0.23219063E-03       0.27866494E-01    0.66758249E-01       0.37037964E-01
137.50    0.16475367  0.25568E-01  0.62691E-01  0.35702E-01   0.16373073      0.25568441E-01   0.61770308E-01    0.35644025E-01    0.17083904      0.22698820E-03       0.26686480E-01    0.64304745E-01       0.35644025E-01
138.50    0.15811391  0.24474E-01  0.60231E-01  0.34371E-01   0.15710474      0.24474183E-01   0.59122964E-01    0.34312591E-01    0.16412978      0.22448484E-03       0.25638369E-01    0.61432875E-01       0.34312591E-01
139.50    0.15194970  0.23500E-01  0.57653E-01  0.33149E-01   0.15064344      0.23500777E-01   0.56805735E-01    0.33110291E-01    0.15732522      0.21965012E-03       0.24628246E-01    0.59365671E-01       0.33110291E-01
140.50    0.14585805  0.22624E-01  0.55568E-01  0.31920E-01   0.14490914      0.22624538E-01   0.54596622E-01    0.31870568E-01    0.15128253      0.21598383E-03       0.23618823E-01    0.57116656E-01       0.31870568E-01
141.50    0.14015952  0.21652E-01  0.53328E-01  0.30827E-01   0.13937887      0.21652011E-01   0.52670498E-01    0.30763241E-01    0.14560302      0.21596614E-03       0.22714742E-01    0.54481796E-01       0.30763241E-01
142.50    0.13451178  0.20808E-01  0.51472E-01  0.29742E-01   0.13364644      0.20808790E-01   0.50709270E-01    0.29707916E-01    0.13955962      0.20697621E-03       0.21768213E-01    0.52796981E-01       0.29707916E-01
143.50    0.13007345  0.20118E-01  0.49706E-01  0.28660E-01   0.12910807      0.20118444E-01   0.48626707E-01    0.28608111E-01    0.13481354      0.20373779E-03       0.21050247E-01    0.50749270E-01       0.28608111E-01
144.50    0.12527084  0.19346E-01  0.47566E-01  0.27818E-01   0.12468477      0.19346230E-01   0.46839681E-01    0.27785674E-01    0.12995241      0.20022746E-03       0.20169051E-01    0.49045484E-01       0.27785674E-01
145.50    0.12106321  0.18610E-01  0.45680E-01  0.26839E-01   0.12001804      0.18610383E-01   0.45401205E-01    0.26800437E-01    0.12505253      0.19455802E-03       0.19395249E-01    0.46958877E-01       0.26800437E-01
146.50    0.11606473  0.17989E-01  0.44425E-01  0.26074E-01   0.11557081      0.17989386E-01   0.43714264E-01    0.26033735E-01    0.12041758      0.19209439E-03       0.18701976E-01    0.45164031E-01       0.26033735E-01
147.50    0.11206970  0.17301E-01  0.42514E-01  0.25201E-01   0.11116981      0.17301219E-01   0.41958430E-01    0.25165020E-01    0.11602467      0.19119719E-03       0.18127649E-01    0.44142844E-01       0.25165020E-01
148.50    0.10777767  0.16762E-01  0.41678E-01  0.24426E-01   0.10755552      0.16762075E-01   0.40699837E-01    0.24399341E-01    0.11216305      0.18519513E-03       0.17453165E-01    0.42384795E-01       0.24399341E-01
149.50    0.10474449  0.16204E-01  0.40246E-01  0.23677E-01   0.10392789      0.16204397E-01   0.39451456E-01    0.23660060E-01    0.10810760      0.18403519E-03       0.16793268E-01    0.40812507E-01       0.23660060E-01
150.50    0.10052563  0.15614E-01  0.38369E-01  0.22998E-01   0.10047009      0.15614151E-01   0.37908898E-01    0.22980635E-01    0.10451671      0.18171037E-03       0.16246430E-01    0.39538426E-01       0.22980635E-01
151.50    0.09778989  0.15089E-01  0.37019E-01  0.22275E-01   0.96869634E-01  0.15089957E-01   0.36763977E-01    0.22251153E-01    0.10101256      0.17467001E-03       0.15802666E-01    0.38424095E-01       0.22251153E-01
152.50    0.09424083  0.14619E-01  0.35878E-01  0.21623E-01   0.93957031E-01  0.14619154E-01   0.35332747E-01    0.21599327E-01    0.97933854E-01  0.17313523E-03       0.15212411E-01    0.36713080E-01       0.21599327E-01
153.50    0.09130614  0.14049E-01  0.34905E-01  0.20993E-01   0.90605557E-01  0.14049859E-01   0.34495822E-01    0.20966542E-01    0.94559352E-01  0.17177181E-03       0.14663839E-01    0.35958133E-01       0.20966542E-01
154.50    0.08820091  0.13674E-01  0.33759E-01  0.20375E-01   0.87990996E-01  0.13674422E-01   0.33263128E-01    0.20345673E-01    0.91456996E-01  0.16931471E-03       0.14190839E-01    0.34785277E-01       0.20345673E-01
155.50    0.08540444  0.13237E-01  0.32517E-01  0.19793E-01   0.84898893E-01  0.13237864E-01   0.32359199E-01    0.19774337E-01    0.88410820E-01  0.16652261E-03       0.13769441E-01    0.33546957E-01       0.19774337E-01
156.50    0.08283714  0.12778E-01  0.31861E-01  0.19247E-01   0.82533942E-01  0.12778480E-01   0.31209308E-01    0.19237433E-01    0.85830545E-01  0.15986051E-03       0.13335176E-01    0.32429728E-01       0.19237433E-01
157.50    0.07999031  0.12365E-01  0.30622E-01  0.18624E-01   0.79667797E-01  0.12365075E-01   0.30177128E-01    0.18611586E-01    0.83149678E-01  0.15640137E-03       0.12873888E-01    0.31446604E-01       0.18611586E-01
158.50    0.07756317  0.12005E-01  0.29681E-01  0.18204E-01   0.77763133E-01  0.12005804E-01   0.29401804E-01    0.18185679E-01    0.80328516E-01  0.15442389E-03       0.12519022E-01    0.30582094E-01       0.18185679E-01
159.50    0.07545457  0.11653E-01  0.28927E-01  0.17663E-01   0.75062748E-01  0.11653421E-01   0.28587556E-01    0.17651629E-01    0.78495327E-01  0.15259799E-03       0.12100809E-01    0.29591726E-01       0.17651629E-01


